Method : dualisation
Time : 0.19100022315979004
x = [(12, 2), (2, 14), (17, 15), (14, 17)]
y = [2, 12, 14, 15, 17]
obj = 7076.5199999999995
 
Method : plans_coupants
Time : 6.875
x = [(9, 6), (10, 9), (12, 10), (6, 15)]
y = [6, 9, 10, 12, 15]
obj = 5357.0
 
