Method : dualisation
Time : 0.06299996376037598
x = [(19, 2), (2, 3), (10, 9), (12, 10), (9, 12), (3, 18), (18, 19)]
y = [2, 3, 9, 10, 12, 18, 19]
obj = 8699.36
 
Method : plans_coupants
Time : 0.1660001277923584
x = [(2, 1), (17, 9), (1, 17)]
y = [1, 2, 9, 17]
obj = 9454.470000000001
 
