Method : plans_coupants
Time : 3.4810001850128174
x = [(3, 2), (18, 3), (9, 6), (12, 9), (6, 12), (19, 18), (2, 19)]
y = [2, 3, 6, 9, 12, 18, 19]
obj = 8699.36
 
Method : dualisation
Time : 0.10800004005432129
x = [(19, 2), (2, 3), (10, 9), (12, 10), (9, 12), (3, 18), (18, 19)]
y = [2, 3, 9, 10, 12, 18, 19]
obj = 8699.36
 
Method : branch_and_cut
Time : 0.34800004959106445
x = [(3, 2), (18, 3), (12, 9), (9, 10), (10, 12), (19, 18), (2, 19)]
y = [2, 3, 9, 10, 12, 18, 19]
obj = 8699.36
 
