Method : plans_coupants
Time : 3.315999984741211
x = [(4, 1), (15, 4), (1, 5), (5, 17)]
y = [1, 4, 5, 15, 17]
obj = 15332.560000000001
 
Method : dualisation
Time : 0.994999885559082
x = [(15, 4), (13, 5), (4, 13), (5, 17)]
y = [4, 5, 13, 15, 17]
obj = 15332.56
 
Method : branch_and_cut
Time : 2.1519999504089355
x = [(13, 5), (15, 11), (11, 13), (5, 17)]
y = [5, 11, 13, 15, 17]
obj = 15332.560000000001
 
