Method : dualisation
Time : 0.04399991035461426
x = [(12, 2), (2, 14), (17, 15), (14, 17)]
y = [2, 12, 14, 15, 17]
obj = 7076.52
 
Method : plans_coupants
Time : 0.15600013732910156
x = [(9, 6), (16, 9), (6, 15), (12, 16)]
y = [6, 9, 12, 15, 16]
obj = 7076.52
 
