Method : dualisation
Time : 0.04999995231628418
x = [(12, 2), (2, 14), (17, 15), (14, 17)]
y = [2, 12, 14, 15, 17]
obj = 7076.5199999999995
 
Method : plans_coupants
Time : 0.18499994277954102
x = [(14, 11), (16, 14), (11, 15), (12, 16)]
y = [11, 12, 14, 15, 16]
obj = 7076.52
 
