Method : plans_coupants
Time : 1.6640000343322754
x = [(16, 14), (17, 15), (12, 16), (14, 17)]
y = [12, 14, 15, 16, 17]
obj = 7076.52
 
Method : dualisation
Time : 0.06599998474121094
x = [(12, 2), (2, 14), (17, 15), (14, 17)]
y = [2, 12, 14, 15, 17]
obj = 7076.52
 
Method : branch_and_cut
Time : 0.3259999752044678
x = [(9, 6), (16, 9), (6, 15), (12, 16)]
y = [6, 9, 12, 15, 16]
obj = 7076.52
 
