Method : dualisation
Time : 14.019999980926514
x = [(15, 4), (13, 5), (4, 13), (5, 17)]
y = [4, 5, 13, 15, 17]
obj = 17125.809999999998
 
Method : plans_coupants
Time : 9.34000015258789
x = [(4, 1), (15, 4), (20, 17), (1, 20)]
y = [1, 4, 15, 17, 20]
obj = 9365.0
 
