Method : greedy_weight
Time : 27.217126846313477
x = [(4, 3), (11, 3), (3, 4), (15, 4), (3, 11), (15, 11), (4, 15), (11, 15)]
y = [3, 4, 11, 15, 17]
obj = 30786.0
 
Method : dualisation
Time : 4.197381973266602
x = [(15, 4), (13, 5), (4, 13), (5, 17)]
y = [4, 5, 13, 15, 17]
obj = 15332.56
 
Method : plans_coupants
Time : 0.8264560699462891
x = [(11, 9), (15, 11), (9, 12), (12, 17)]
y = [9, 11, 12, 15, 17]
obj = 9365.0
 
