Method : dualisation
Time : 0.05099987983703613
x = [(19, 2), (2, 3), (10, 9), (12, 10), (9, 12), (3, 18), (18, 19)]
y = [2, 3, 9, 10, 12, 18, 19]
obj = 8699.36
 
Method : plans_coupants
Time : 0.23099994659423828
x = [(3, 2), (18, 3), (12, 9), (9, 10), (10, 12), (19, 18), (2, 19)]
y = [2, 3, 9, 10, 12, 18, 19]
obj = 8699.36
 
