Method : dualisation
Time : 9.015999794006348
x = [(15, 4), (13, 5), (4, 13), (5, 17)]
y = [4, 5, 13, 15, 17]
obj = 17125.809999999998
 
Method : plans_coupants

5600004196167
x = [(13, 5), (15, 11), (11, 13), (5, 17)]
y = [5, 11, 13, 15, 17]
obj = 15332.560000000001
 
