Method : plans_coupants
Time : 202.85700011253357
x = [(24, 19), (28, 27), (33, 28), (39, 33), (19, 39)]
y = [19, 24, 27, 28, 33, 39]
obj = 15058.97
 
Method : dualisation
Time : 0.4680001735687256
x = [(28, 27), (33, 28), (34, 33), (36, 34), (24, 36)]
y = [24, 27, 28, 33, 34, 36]
obj = 15058.97
 
Method : branch_and_cut
Time : 9.303999900817871
x = [(17, 14), (39, 17), (24, 19), (14, 27), (19, 39)]
y = [14, 17, 19, 24, 27, 39]
obj = 15058.97
 
