Method : plans_coupants
Time : 68.31599998474121
x = [(17, 15), (28, 17), (24, 18), (18, 28), (15, 39)]
y = [15, 17, 18, 24, 28, 39]
obj = 17330.100000000002
 
Method : dualisation
Time : 0.37200021743774414
x = [(24, 2), (17, 15), (28, 17), (2, 28), (15, 39)]
y = [2, 15, 17, 24, 28, 39]
obj = 17330.1
 
Method : branch_and_cut
Time : 4.213000059127808
x = [(17, 15), (36, 17), (24, 33), (33, 36), (15, 39)]
y = [15, 17, 24, 33, 36, 39]
obj = 17330.1
 
