Method : dualisation
Time : 0.25099992752075195
x = [(28, 27), (33, 28), (34, 33), (36, 34), (24, 36)]
y = [24, 27, 28, 33, 34, 36]
obj = 15058.97
 
Method : plans_coupants
Time : 5.876000165939331
x = [(17, 14), (39, 17), (24, 19), (14, 27), (19, 39)]
y = [14, 17, 19, 24, 27, 39]
obj = 15058.97
 
