Method : dualisation
Time : 0.18699979782104492
x = [(24, 2), (17, 15), (28, 17), (2, 28), (15, 39)]
y = [2, 15, 17, 24, 28, 39]
obj = 17330.1
 
Method : plans_coupants
Time : 2.6439998149871826
x = [(17, 15), (36, 17), (24, 33), (33, 36), (15, 39)]
y = [15, 17, 24, 33, 36, 39]
obj = 17330.1
 
