Method : plans_coupants
Time : 29.92799997329712
x = [(19, 16), (25, 19), (29, 21), (21, 25), (16, 40)]
y = [16, 19, 21, 25, 29, 40]
obj = 12664.33
 
Method : dualisation
Time : 0.5769999027252197
x = [(29, 21), (38, 30), (30, 34), (21, 38), (34, 40)]
y = [21, 29, 30, 34, 38, 40]
obj = 12664.33
 
Method : branch_and_cut
Time : 3.490999937057495
x = [(25, 4), (4, 10), (29, 21), (21, 25), (10, 40)]
y = [4, 10, 21, 25, 29, 40]
obj = 12664.33
 
