Method : dualisation
Time : 0.49699997901916504
x = [(24, 2), (17, 15), (28, 17), (2, 28), (15, 39)]
y = [2, 15, 17, 24, 28, 39]
obj = 17330.1
 
Method : plans_coupants
Time : 27.37000012397766
x = [(24, 2), (38, 15), (2, 21), (21, 38), (15, 39)]
y = [2, 15, 21, 24, 38, 39]
obj = 12410.0
 
