Method : dualisation
Time : 0.18700003623962402
x = [(29, 21), (38, 30), (30, 34), (21, 38), (34, 40)]
y = [21, 29, 30, 34, 38, 40]
obj = 13052.25
 
Method : plans_coupants
Time : 0.437999963760376
x = [(29, 21), (38, 30), (30, 34), (21, 38), (34, 40)]
y = [21, 29, 30, 34, 38, 40]
obj = 12664.33
 
