Method : dualisation
Time : 0.18700003623962402
x = [(29, 21), (38, 30), (30, 34), (21, 38), (34, 40)]
y = [21, 29, 30, 34, 38, 40]
obj = 12664.33
 
Method : plans_coupants
Time : 1.2160000801086426
x = [(25, 4), (4, 10), (29, 21), (21, 25), (10, 40)]
y = [4, 10, 21, 25, 29, 40]
obj = 12664.33
 
