Method : dualisation
Time : 0.20399999618530273
x = [(24, 2), (17, 15), (28, 17), (2, 28), (15, 39)]
y = [2, 15, 17, 24, 28, 39]
obj = 17330.1
 
Method : plans_coupants
Time : 0.7029998302459717
x = [(2, 1), (24, 2), (1, 11), (11, 15), (15, 39)]
y = [1, 2, 11, 15, 24, 39]
obj = 17330.1
 
