Method : dualisation
Time : 0.5690000057220459
x = [(29, 21), (38, 30), (30, 34), (21, 38), (34, 40)]
y = [21, 29, 30, 34, 38, 40]
obj = 13052.25
 
Method : plans_coupants
Time : 15.90499997138977
x = [(30, 10), (29, 21), (38, 30), (21, 38), (10, 40)]
y = [10, 21, 29, 30, 38, 40]
obj = 7856.0
 
